ramgeobd 
44	56	1	50	50 
86500	50	1 
1200	10	1	500 
1485.423	6	1	0 
5242.000000 	 121.280000 
6087.000000 	 122.240000 
6739.000000 	 122.230000 
7560.000000 	 121.900000 
8285.000000 	 121.570000 
9734.000000 	 125.100000 
10483.000000 	 125.100000 
11329.000000 	 124.770000 
12126.000000 	 124.120000 
12826.000000 	 124.760000 
13623.000000 	 116.060000 
14372.000000 	 116.700000 
15169.000000 	 116.050000 
15990.000000 	 115.720000 
16546.000000 	 115.720000 
17512.000000 	 113.780000 
18116.000000 	 121.500000 
18889.000000 	 120.850000 
19662.000000 	 121.160000 
20386.000000 	 121.160000 
21159.000000 	 121.790000 
24275.000000 	 133.670000 
24976.000000 	 133.990000 
25580.000000 	 136.560000 
26329.000000 	 137.200000 
28092.000000 	 137.830000 
28816.000000 	 136.530000 
29903.000000 	 146.500000 
30604.000000 	 147.460000 
31208.000000 	 146.490000 
32295.000000 	 146.480000 
32899.000000 	 146.800000 
33937.000000 	 157.410000 
34517.000000 	 157.730000 
35217.000000 	 159.970000 
35918.000000 	 159.650000 
36836.000000 	 160.600000 
37657.000000 	 160.280000 
38213.000000 	 159.950000 
39010.000000 	 159.300000 
39710.000000 	 159.620000 
40531.000000 	 159.290000 
41184.000000 	 159.930000 
42053.000000 	 157.340000 
42826.000000 	 157.340000 
43671.000000 	 164.730000 
45942.000000 	 167.930000 
46691.000000 	 168.570000 
47488.000000 	 166.960000 
48188.000000 	 167.590000 
48986.000000 	 167.590000 
49783.000000 	 175.300000 
50386.000000 	 175.300000 
51304.000000 	 174.970000 
52077.000000 	 175.610000 
52850.000000 	 174.960000 
53647.000000 	 176.240000 
54203.000000 	 180.740000 
55024.000000 	 181.380000 
56473.000000 	 181.040000 
57512.000000 	 179.750000 
58309.000000 	 189.720000 
59807.000000 	 185.200000 
60725.000000 	 185.510000 
61353.000000 	 185.510000 
62754.000000 	 193.860000 
63647.000000 	 193.860000 
64420.000000 	 192.880000 
65000.000000 	 193.520000 
65773.000000 	 192.550000 
66570.000000 	 195.440000 
67367.000000 	 195.440000 
68140.000000 	 196.390000 
68865.000000 	 196.390000 
69614.000000 	 195.740000 
70459.000000 	 247.220000 
71245.000000 	 247.600000 
71975.000000 	 246.780000 
72995.000000 	 247.380000 
73512.000000 	 247.380000 
74136.000000 	 246.970000 
74882.000000 	 296.630000 
75688.000000 	 290.740000 
76403.000000 	 291.140000 
77240.000000 	 290.730000 
78747.000000 	 327.010000 
79355.000000 	 326.600000 
80147.000000 	 327.400000 
80892.000000 	 326.990000 
81653.000000 	 327.390000 
82429.000000 	 326.770000 
84727.000000 	 396.490000 
85488.000000 	 396.690000 
86096.000000 	 396.480000 
 -1 -1
2.140000 	 1535.532000 
13.660000 	 1535.580000 
21.980000 	 1535.748000 
28.830000 	 1535.866000 
37.730000 	 1536.006000 
47.210000 	 1536.068000 
50.270000 	 1535.028000 
50.550000 	 1535.640000 
50.560000 	 1535.638000 
50.560000 	 1535.635000 
51.430000 	 1534.288000 
52.880000 	 1533.261000 
53.600000 	 1531.941000 
54.330000 	 1531.550000 
55.360000 	 1532.905000 
55.640000 	 1532.464000 
55.650000 	 1532.465000 
57.970000 	 1530.657000 
60.300000 	 1530.238000 
62.630000 	 1529.735000 
64.380000 	 1528.841000 
67.290000 	 1527.137000 
67.290000 	 1527.136000 
68.460000 	 1527.640000 
69.030000 	 1525.964000 
69.620000 	 1526.718000 
70.780000 	 1526.355000 
72.530000 	 1524.874000 
73.110000 	 1525.321000 
73.690000 	 1524.229000 
73.690000 	 1524.232000 
75.440000 	 1523.813000 
76.600000 	 1522.807000 
78.350000 	 1522.193000 
81.260000 	 1521.578000 
85.920000 	 1520.852000 
88.840000 	 1520.210000 
90.000000 	 1519.791000 
92.910000 	 1519.288000 
96.410000 	 1518.589000 
98.740000 	 1517.724000 
103.990000 	 1517.053000 
106.320000 	 1516.494000 
110.400000 	 1515.852000 
113.890000 	 1515.461000 
115.640000 	 1514.790000 
122.640000 	 1514.260000 
123.800000 	 1513.701000 
126.720000 	 1513.198000 
127.300000 	 1512.500000 
131.960000 	 1511.829000 
136.620000 	 1510.880000 
138.950000 	 1510.070000 
141.280000 	 1509.427000 
147.690000 	 1508.729000 
157.020000 	 1507.918000 
164.020000 	 1507.248000 
180.930000 	 1505.851000 
195.510000 	 1505.152000 
208.920000 	 1504.510000 
227.000000 	 1504.090000 
243.920000 	 1503.140000 
259.080000 	 1502.693000 
281.250000 	 1502.078000 
298.160000 	 1500.961000 
303.990000 	 1500.374000 
308.070000 	 1499.508000 
320.310000 	 1498.586000 
327.310000 	 1498.083000 
338.390000 	 1497.385000 
350.640000 	 1496.798000 
357.050000 	 1495.653000 
371.630000 	 1494.926000 
386.210000 	 1494.060000 
393.200000 	 1493.333000 
409.530000 	 1492.858000 
432.870000 	 1492.188000 
449.200000 	 1491.684000 
461.440000 	 1491.126000 
477.780000 	 1490.622000 
492.360000 	 1490.119000 
512.770000 	 1489.616000 
525.020000 	 1488.834000 
540.180000 	 1488.359000 
558.850000 	 1487.911000 
575.180000 	 1487.380000 
599.680000 	 1486.877000 
621.260000 	 1486.514000 
637.010000 	 1485.955000 
653.920000 	 1485.870000 
667.340000 	 1485.591000 
684.840000 	 1485.423000 
 -1 -1
0.000000 	 1550.000000 
5.000000 	 1555.710000 
10.100000 	 1556.430000 
15.000000 	 1567.140000 
20.000000 	 1578.860000 
25.000000 	 1588.570000 
30.000000 	 1599.290000 
34.900000 	 1610.000000 
35.100000 	 1800.000000 
295.000000 	 1800.000000 
695.000000 	 1800.000000 
 -1 -1
0.000000 	 1.150000 
5.000000 	 1.256000 
10.100000 	 1.261000 
15.000000 	 1.367000 
20.000000 	 1.373000 
25.000000 	 1.379000 
30.000000 	 1.484000 
34.900000 	 1.590000 
35.100000 	 1.950000 
295.000000 	 1.950000 
695.000000 	 1.950000 
 -1 -1
0.000000 	 0.023000 
5.000000 	 0.044000 
10.100000 	 0.098000 
15.000000 	 0.085000 
20.000000 	 0.072000 
25.000000 	 0.059000 
30.000000 	 0.086000 
34.900000 	 0.092000 
35.100000 	 0.096000 
295.000000 	 0.096000 
695.000000 	 0.360000 
 -1 -1
36987.575323
0.000000 	 1546.600000 
400.000000 	 1531.000000 
 -1 -1
0.000000 	 1591.000000 
660.000000 	 1800.000000 
 -1 -1
0.000000 	 1.150000 
660.000000 	 1.950000 
 -1 -1
0.000000 	 0.000000 
295.000000 	 0.000100 
695.000000 	 1.030000 
 -1 -1
55195.290129
0.000000 	 1544.100000 
400.000000 	 1531.400000 
 -1 -1
0.000000 	 1554.000000 
660.000000 	 1876.000000 
 -1 -1
0.000000 	 1.150000 
660.000000 	 1.950000 
 -1 -1
0.000000 	 0.000000 
295.000000 	 0.000100 
695.000000 	 1.030000 
 -1 -1
